1
11
20
20
5
0
7
800
0

0
22
30
30
5
0
456
700
0

2
33
110
110
5
0
71
2000
0

1
44
97
97
5
0
7
2000
0

2
55
138
138
5
0
66
300
0

2
66
122
122
5
0
66
3100
0

2
77
118
118
5
0
66
900
0

0
88
80
80
5
0
66
6000
0

1
99
35
35
5
0
66
3000
0

2
101
123
123
5
0
66
777
0

0
111
35
35
5
0
66
4500
0

2
121
132
132
5
0
66
2000
0

1
131
13
13
5
0
66
1767
0

2
141
121
121
5
0
66
1437
0

2
151
105
105
5
0
66
1658
0

1
161
21
21
5
0
66
2000
0

2
171
136
136
5
0
66
2070
0

2
181
115
115
5
0
66
2700
0

0
191
17
17
5
0
66
3333
0

2
202
101
101
5
0
66
2020
0

